<?xml version="1.0"?>
<opencv_storage>
<calibration_time>"2019年08月23日 星期五 11时28分28秒"</calibration_time>
<nr_of_frames>10</nr_of_frames>
<image_width>1280</image_width>
<image_height>720</image_height>
<board_width>9</board_width>
<board_height>6</board_height>
<square_size>50.</square_size>
<fix_aspect_ratio>1.</fix_aspect_ratio>
<!-- flags: +fix_aspectRatio +fix_principal_point +zero_tangent_dist +fix_k4 +fix_k5 -->
<flags>6158</flags>
<fisheye_model>0</fisheye_model>
<camera_matrix type_id="opencv-matrix">
  <rows>3</rows>
  <cols>3</cols>
  <dt>d</dt>
  <data>
    1.2318692772994652e+03 0. 640. 0. 1.2318692772994652e+03 360. 0. 0.
    1.</data></camera_matrix>
<distortion_coefficients type_id="opencv-matrix">
  <rows>5</rows>
  <cols>1</cols>
  <dt>d</dt>
  <data>
    -4.5062998464260662e-01 2.5672389834020468e-02 0. 0.
    3.8914771777693880e-01</data></distortion_coefficients>
<avg_reprojection_error>1.0342461861695740e+00</avg_reprojection_error>
<per_view_reprojection_errors type_id="opencv-matrix">
  <rows>10</rows>
  <cols>1</cols>
  <dt>f</dt>
  <data>
    8.51903260e-01 6.97891593e-01 9.92815912e-01 9.18164551e-01
    1.14231336e+00 9.83755529e-01 1.02727520e+00 1.40297985e+00
    9.57159579e-01 1.20112205e+00</data></per_view_reprojection_errors>
<!-- a set of 6-tuples (rotation vector + translation vector) for each view -->
<extrinsic_parameters type_id="opencv-matrix">
  <rows>10</rows>
  <cols>6</cols>
  <dt>d</dt>
  <data>
    -1.8588914621985553e-01 -2.9562400205506129e-01
    -3.0805578637157822e+00 1.0187165296964341e+02
    8.8320294512832220e+01 6.7817885798111445e+02
    -6.4348493333825099e-02 4.6663689050099183e-01
    2.9273382236380208e+00 1.8866469300876739e+02 7.3990271560140286e+01
    7.4509765617172036e+02 2.1370191805799929e-01 1.8497031654487231e-01
    3.1214339186823445e+00 1.1744057964785151e+02 1.0240534819929398e+02
    6.6566264975391789e+02 -2.0434392379518873e-01
    -6.3968630090967749e-01 -3.0509760684853227e+00
    1.7437393805434309e+02 1.0641967462124062e+02 5.7848527336984375e+02
    2.6916646265393196e-01 5.7955150102561215e-01 3.0737472972826296e+00
    1.8814705665114568e+02 9.2969796165683476e+01 5.4662721329550993e+02
    3.3067658598298133e-01 5.7243082398330092e-01 3.0546360520989171e+00
    2.0729971930609258e+02 9.2489434928504735e+01 5.2730524604643870e+02
    -2.7065774911836016e-01 1.0423714422830913e-02
    -3.1084490700246810e+00 1.9098826055808931e+02
    1.1389348809921030e+02 6.0696527036579675e+02
    -3.7721396099754495e-01 -1.1136692582552043e-02
    -3.0516466079391660e+00 2.4691480239859612e+02
    1.2339574448303830e+02 5.9907966679483297e+02
    -2.8170201298208170e-01 -4.0370123034073752e-01
    -3.0571615885442376e+00 2.3406829633229776e+02
    1.0286581096029664e+02 5.9186629237634884e+02
    -7.8088903958469125e-02 -5.8668002460799451e-01
    -3.0722001872488551e+00 2.0189505108475731e+02
    1.0103738334066432e+02 5.3426760274461799e+02</data></extrinsic_parameters>
<image_points type_id="opencv-matrix">
  <rows>10</rows>
  <cols>54</cols>
  <dt>"2f"</dt>
  <data>
    8.21815369e+02 5.17904053e+02 7.33462219e+02 5.15432007e+02
    6.44741272e+02 5.11924683e+02 5.57918274e+02 5.07602966e+02
    4.73357574e+02 5.02709534e+02 3.92298584e+02 4.97136444e+02
    3.15421783e+02 4.91034210e+02 2.43534195e+02 4.84621155e+02
    1.77314835e+02 4.78236237e+02 8.25125000e+02 4.29582764e+02
    7.37439514e+02 4.27419098e+02 6.49605042e+02 4.24606201e+02
    5.63402100e+02 4.21557373e+02 4.79526306e+02 4.17870972e+02
    3.99166168e+02 4.14120972e+02 3.22512573e+02 4.10106201e+02
    2.50700668e+02 4.05640167e+02 1.84399612e+02 4.01671295e+02
    8.27156616e+02 3.42303284e+02 7.40675354e+02 3.40367157e+02
    6.53952332e+02 3.38277771e+02 5.68747803e+02 3.36099335e+02
    4.85932831e+02 3.34064240e+02 4.06376251e+02 3.31782806e+02
    3.30660370e+02 3.29682861e+02 2.59419037e+02 3.27463837e+02
    1.93178757e+02 3.25627319e+02 8.28382996e+02 2.57740295e+02
    7.43260681e+02 2.56090607e+02 6.58070190e+02 2.54598068e+02
    5.74390991e+02 2.53539642e+02 4.92566803e+02 2.52562347e+02
    4.14266174e+02 2.52103607e+02 3.39465302e+02 2.51778671e+02
    2.69010895e+02 2.51639557e+02 2.02797256e+02 2.51620651e+02
    8.28457031e+02 1.77132263e+02 7.45257080e+02 1.75456680e+02
    6.61573242e+02 1.74497513e+02 5.79497498e+02 1.74089661e+02
    4.99485809e+02 1.74559204e+02 4.22399139e+02 1.75453308e+02
    3.48807861e+02 1.77009583e+02 2.79334717e+02 1.78490723e+02
    2.14399338e+02 1.80601425e+02 8.27680786e+02 1.00377693e+02
    7.46441406e+02 9.86434250e+01 6.64864441e+02 9.80751038e+01
    5.84565063e+02 9.81585541e+01 5.06284790e+02 9.92996216e+01
    4.30747681e+02 1.01671509e+02 3.58467590e+02 1.04528580e+02
    2.90567383e+02 1.08186111e+02 2.26252884e+02 1.12078072e+02
    9.41462891e+02 4.78196991e+02 8.66791321e+02 4.93990997e+02
    7.88883118e+02 5.09563263e+02 7.08602783e+02 5.24993286e+02
    6.26953369e+02 5.39493835e+02 5.44621460e+02 5.53270874e+02
    4.62764374e+02 5.65752991e+02 3.82652618e+02 5.77450745e+02
    3.05531647e+02 5.87761414e+02 9.23339478e+02 4.02749756e+02
    8.49455200e+02 4.17331635e+02 7.72380310e+02 4.31877655e+02
    6.93063416e+02 4.46352936e+02 6.12453552e+02 4.60476807e+02
    5.31425598e+02 4.74065735e+02 4.50817444e+02 4.86742249e+02
    3.71945496e+02 4.98750366e+02 2.95996887e+02 5.10079407e+02
    9.04583435e+02 3.28887604e+02 8.31509460e+02 3.42208588e+02
    7.55479309e+02 3.55639099e+02 6.77552551e+02 3.69232178e+02
    5.98341614e+02 3.82867249e+02 5.18744446e+02 3.96336761e+02
    4.39769104e+02 4.09305603e+02 3.62489716e+02 4.21678680e+02
    2.87567749e+02 4.33662689e+02 8.85567810e+02 2.58078827e+02
    8.13646484e+02 2.69963257e+02 7.38919678e+02 2.82529083e+02
    6.62524414e+02 2.95371918e+02 5.84846130e+02 3.08358704e+02
    5.07013031e+02 3.21601349e+02 4.29885162e+02 3.34680847e+02
    3.54030212e+02 3.47532288e+02 2.80638611e+02 3.59957611e+02
    8.66700623e+02 1.90523773e+02 7.96144714e+02 2.01275085e+02
    7.22885620e+02 2.12624603e+02 6.48121155e+02 2.24586868e+02
    5.72295349e+02 2.37337112e+02 4.96415955e+02 2.50233917e+02
    4.20916840e+02 2.63541138e+02 3.47116058e+02 2.76546143e+02
    2.75558777e+02 2.89710022e+02 8.47647522e+02 1.26534485e+02
    7.78607605e+02 1.35857224e+02 7.06943665e+02 1.46237228e+02
    6.34171448e+02 1.57286575e+02 5.60190369e+02 1.69015915e+02
    4.86252655e+02 1.81926117e+02 4.12873871e+02 1.95202789e+02
    3.41137482e+02 2.08712753e+02 2.71413696e+02 2.22399384e+02
    8.51449158e+02 5.44686768e+02 7.62542480e+02 5.46645569e+02
    6.72955750e+02 5.47312012e+02 5.84963928e+02 5.46759033e+02
    4.99216003e+02 5.45361084e+02 4.16661682e+02 5.42846436e+02
    3.38299957e+02 5.39639282e+02 2.64762207e+02 5.35549011e+02
    1.96951553e+02 5.31310181e+02 8.51361694e+02 4.55084900e+02
    7.62496155e+02 4.56931396e+02 6.73274170e+02 4.58317322e+02
    5.85331970e+02 4.58734802e+02 4.99769623e+02 4.58604462e+02
    4.17520142e+02 4.57823334e+02 3.39308044e+02 4.56488617e+02
    2.65597198e+02 4.54872894e+02 1.97689026e+02 4.52684875e+02
    8.49904480e+02 3.64670197e+02 7.61622986e+02 3.66982422e+02
    6.73013733e+02 3.68741943e+02 5.85615784e+02 3.70208801e+02
    5.00647888e+02 3.71454071e+02 4.18939087e+02 3.72399780e+02
    3.41203827e+02 3.73153473e+02 2.67922272e+02 3.73513885e+02
    1.99987793e+02 3.73671234e+02 8.47539062e+02 2.76293884e+02
    7.60390747e+02 2.78453308e+02 6.72539795e+02 2.80778473e+02
    5.86351440e+02 2.83322784e+02 5.02130554e+02 2.85735138e+02
    4.21264923e+02 2.88475494e+02 3.44125122e+02 2.90946838e+02
    2.71463562e+02 2.93436340e+02 2.03679138e+02 2.95902679e+02
    8.44163940e+02 1.90638290e+02 7.58306335e+02 1.92778854e+02
    6.71825256e+02 1.95540924e+02 5.86682312e+02 1.98809097e+02
    5.03931793e+02 2.02624680e+02 4.24196381e+02 2.06748550e+02
    3.48271851e+02 2.11232880e+02 2.76423370e+02 2.15569870e+02
