Hand Eye Calibration Solution
('t2c>', array([[ 0.9986,  0.0518, -0.0093,  0.1012],
       [-0.0518,  0.9987, -0.0011,  0.2418],
       [ 0.0093,  0.0016,  1.    ,  0.2993],
       [ 0.    ,  0.    ,  0.    ,  1.    ]]), (array([ 0.1012,  0.2418,  0.2993]), (0.0016278860811893036, -0.009261245016412848, -0.051855010074993366)))
('w2k>', array([[-0.0515, -0.9984, -0.024 ,  0.4582],
       [ 0.9975, -0.0526,  0.0476, -1.1633],
       [-0.0488, -0.0215,  0.9986,  1.1173],
       [ 0.    ,  0.    ,  0.    ,  1.    ]]), (array([ 0.4582, -1.1633,  1.1173]), (-0.021561559481769483, 0.04877225795277019, 1.622343987851172)))

       
Hand Eye Calibration Solution
('t2c>', array([[ 0.9986,  0.0518, -0.0093,  0.2328],
       [-0.0518,  0.9987, -0.0011,  0.181 ],
       [ 0.0093,  0.0016,  1.    , -0.0168],
       [ 0.    ,  0.    ,  0.    ,  1.    ]]), (array([ 0.2328,  0.181 , -0.0168]), (0.0016279188408910522, -0.009261168793408879, -0.05185504283900785)))
('w2k>', array([[-0.0515, -0.9984, -0.024 ,  0.439 ],
       [ 0.9975, -0.0526,  0.0476, -1.1306],
       [-0.0488, -0.0215,  0.9986,  1.1699],
       [ 0.    ,  0.    ,  0.    ,  1.    ]]), (array([ 0.439 , -1.1306,  1.1699]), (-0.021561474874843944, 0.048772203046152464, 1.622344027188436)))
