<?xml version="1.0"?>
<opencv_storage>
<calibration_time>"2019年08月26日 星期一 13时46分15秒"</calibration_time>
<nr_of_frames>25</nr_of_frames>
<image_width>1280</image_width>
<image_height>720</image_height>
<board_width>9</board_width>
<board_height>6</board_height>
<square_size>50.</square_size>
<fix_aspect_ratio>1.</fix_aspect_ratio>
<!-- flags: +fix_aspectRatio +fix_principal_point +zero_tangent_dist +fix_k4 +fix_k5 -->
<flags>6158</flags>
<fisheye_model>0</fisheye_model>
<camera_matrix type_id="opencv-matrix">
  <rows>3</rows>
  <cols>3</cols>
  <dt>d</dt>
  <data>
    1.2215597474910767e+03 0. 640. 0. 1.2215597474910767e+03 360. 0. 0.
    1.</data></camera_matrix>
<distortion_coefficients type_id="opencv-matrix">
  <rows>5</rows>
  <cols>1</cols>
  <dt>d</dt>
  <data>
    -4.3917185340178994e-01 -4.2213574486696754e-03 0. 0.
    4.2183898046983598e-01</data></distortion_coefficients>
<avg_reprojection_error>7.6653251826328206e-01</avg_reprojection_error>
<per_view_reprojection_errors type_id="opencv-matrix">
  <rows>25</rows>
  <cols>1</cols>
  <dt>f</dt>
  <data>
    8.44456375e-01 6.87023163e-01 9.95253682e-01 9.05281544e-01
    1.14737523e+00 9.87587452e-01 1.03770363e+00 1.44293559e+00
    9.59320128e-01 1.17662883e+00 3.00117314e-01 2.44781747e-01
    5.53823590e-01 6.71000421e-01 5.63594520e-01 3.68961364e-01
    6.52487814e-01 7.29305029e-01 6.33895695e-01 2.75548220e-01
    6.43605232e-01 5.11926293e-01 3.64742428e-01 2.89175242e-01
    4.99634683e-01</data></per_view_reprojection_errors>
<!-- a set of 6-tuples (rotation vector + translation vector) for each view -->
<extrinsic_parameters type_id="opencv-matrix">
  <rows>25</rows>
  <cols>6</cols>
  <dt>d</dt>
  <data>
    -1.8477025918193560e-01 -2.9450787456145777e-01
    -3.0807948044608104e+00 1.0189935675476410e+02
    8.8336984950211246e+01 6.7249123946952136e+02
    -6.4166932908242935e-02 4.6527497204596946e-01
    2.9275501103450385e+00 1.8866629194835781e+02 7.3996773517638047e+01
    7.3892624526459133e+02 2.1234016331650335e-01 1.8418969237890348e-01
    3.1215292030996231e+00 1.1746875165323473e+02 1.0241464403657592e+02
    6.6013036495494157e+02 -2.0356646719154695e-01
    -6.3844335309512379e-01 -3.0513673483278363e+00
    1.7439991739523589e+02 1.0645094323111194e+02 5.7342691446176002e+02
    2.6816244245736320e-01 5.7814074036686658e-01 3.0740284205318282e+00
    1.8818220091241855e+02 9.3010283433027027e+01 5.4185446917998343e+02
    3.2966842737956614e-01 5.7103955495610770e-01 3.0549417316683742e+00
    2.0733844911810760e+02 9.2534943339356332e+01 5.2265463560783894e+02
    -2.6881378172513687e-01 1.0407768415734184e-02
    -3.1086020362122295e+00 1.9102124452514576e+02
    1.1389254720798914e+02 6.0202506140825710e+02
    -3.7481724158605745e-01 -1.0691588795727394e-02
    -3.0519498980719582e+00 2.4700476696566690e+02
    1.2340247818547502e+02 5.9426237455053013e+02
    -2.8061872621697043e-01 -4.0214145094311549e-01
    -3.0575013824774602e+00 2.3411166004761162e+02
    1.0291363858339881e+02 5.8683449095149513e+02
    -7.7770260404315839e-02 -5.8505041388861667e-01
    -3.0725370377225887e+00 2.0190263536822076e+02
    1.0107108217042121e+02 5.2967557163675770e+02
    -5.1395552599772398e-01 1.4268907098156089e-01
    1.3075073119504548e+00 -1.6276910559532732e+02
    -3.3992656423608094e+02 1.7723381507457289e+03
    -2.9784018539831858e-01 1.8289769232884098e-02
    1.6681796287525767e+00 -1.5412461397407260e+01
    -3.3751031236021669e+02 2.0468143589977740e+03
    -5.0862300993026865e-01 -5.6867039032627090e-02
    1.6484125644501653e+00 2.2162737238320256e+02
    -1.8158592251729780e+02 1.0745124845875748e+03
    -4.6987828415546640e-01 1.1723624627464412e-01
    1.6000027142796458e+00 9.8504070223318294e+01
    -2.2637242310407112e+02 1.0306932768407728e+03
    -3.4750391290647814e-01 -4.6824643362500690e-01
    1.4977465031317989e+00 2.6205325977944983e+02
    -2.3271244165175116e+02 1.0041708432885985e+03
    5.2213398678845979e-01 5.7775293785263970e-01 1.4735076729728998e+00
    3.9028522194866031e+02 -2.2981892200853937e+02
    9.2019079066326742e+02 -1.0647206488554134e-01
    8.5043533727585863e-01 2.9756645929023331e+00 2.0514104153306775e+02
    2.2380613744405778e+02 9.9690417193260157e+02
    -1.8352745767618689e-01 -6.9966129804314203e-01
    -2.9784109766450388e+00 4.7883073043068680e+02
    2.0085715082606208e+02 8.7515010501980430e+02 1.5904668677057146e-01
    5.8847741142067733e-01 3.0080207077771592e+00 4.8897364688683047e+02
    2.3520442087730647e+01 8.7844499428260019e+02 8.7912717385767114e-01
    6.9499514222347258e-01 1.4650176947980913e+00 6.4340132169518745e+02
    -2.7309966941037061e+02 1.1423300670029748e+03
    5.8451497990918373e-02 -1.3264019548700349e-02
    -1.5971013106220253e+00 -1.5561427342853429e+02
    2.0304977054229974e+02 1.1255380641646611e+03 1.2858213463254431e-01
    1.6984145682059829e-01 -7.7792114892813902e-01
    -3.3985675151897613e+02 3.4160940389859270e+01
    1.2054266904416193e+03 -2.2230783463470183e-01
    -2.1507654493151435e-01 -1.6963213162637492e+00
    -9.5834742975523355e+01 1.2201413968311691e+02
    1.3092702000973165e+03 3.5264780538192253e-01 4.3350749769549241e-01
    -1.5925158308129530e+00 -1.1117783961299858e+02
    1.2308172040663597e+02 1.4858865480790180e+03 6.1026431589852259e-01
    -1.9121075432446039e-01 -1.4840063063935138e+00
    -2.1724733943634106e+02 1.9265550766513451e+02
    1.0422890360779502e+03</data></extrinsic_parameters>
